   5.2246422e-03
   4.1309245e-03
   2.9989796e-03
   1.8378552e-03
   6.5694227e-04
  -5.3412234e-04
  -1.7255555e-03
  -2.9075300e-03
  -4.0702777e-03
  -5.2041917e-03
  -6.2999272e-03
  -7.3484994e-03
  -8.3413770e-03
  -9.2705705e-03
  -1.0128715e-02
  -1.0909142e-02
  -1.1605952e-02
  -1.2214063e-02
  -1.2729266e-02
  -1.3148258e-02
  -1.3468669e-02
  -1.3689080e-02
  -1.3809026e-02
  -1.3828987e-02
  -1.3750376e-02
  -1.3575506e-02
  -1.3307554e-02
  -1.2950516e-02
  -1.2509142e-02
  -1.1988880e-02
  -7.3962791e-03
  -7.3669378e-03
  -7.3126718e-03
  -7.2300596e-03
  -7.1157081e-03
  -6.9663218e-03
  -6.7787729e-03
  -6.5501712e-03
  -6.2779313e-03
  -5.9598376e-03
  -5.5941046e-03
  -5.1794332e-03
  -4.7150602e-03
  -4.2008016e-03
  -3.6370886e-03
  -3.0249945e-03
  -2.3662543e-03
  -1.6632738e-03
  -9.1913013e-04
  -1.3756239e-04
   6.7704730e-04
   1.5197024e-03
   2.3848297e-03
   3.2663263e-03
   4.1576145e-03
   5.0517051e-03
   5.9412676e-03
   6.8187065e-03
   7.6762429e-03
   8.5060006e-03
   1.1655666e-02
   1.1342118e-02
   1.0966200e-02
   1.0533639e-02
   1.0050475e-02
   9.5229703e-03
   8.9575286e-03
   8.3606086e-03
   7.7386421e-03
   7.0979537e-03
   6.4446848e-03
   5.7847218e-03
   5.1236305e-03
   4.4665963e-03
   3.8183729e-03
   3.1832373e-03
   2.5649547e-03
   1.9667509e-03
   1.3912948e-03
   8.4068907e-04
   3.1647059e-04
  -1.8038040e-04
  -6.4942249e-04
  -1.0907269e-03
  -1.5048436e-03
  -1.8927604e-03
  -2.2558554e-03
  -2.5958441e-03
  -2.9147221e-03
  -3.2147032e-03
